ul: [2.195020247336858, 2.4359393869253503, 3.4537441618029616, 1.4788376406705697, 6.096018345768817, 3.8426000357325925, 5.034488726849849]
ll: [1.9996231860513631, 1.9275969291057342, 3.4083708210468457, 2.3743074477143007, 6.0960305963098325, 4.123099874390169, 5.034511097403006]
lc: [1.532458791322661, 2.4224267738703973, 3.4023456853966505, 1.8796017062564352, 6.094488626038676, 4.282899127174848, 5.036010989728939]
lr: [1.0354992166342611, 2.022691753729738, 3.350226024967146, 2.320199204898834, 6.096023139458779, 4.297959835771464, 5.034511097403006]
uc: [1.598291733995256, 2.624044579988154, 3.1477456209723123, 0.8739499341182643, 6.094493952360856, 3.454494906914255, 5.0345063037130435]
ml: [2.093943962904536, 2.3054282482288184, 3.1493597629090093, 1.5639144522220227, 0.07210887319607033, 3.8441446691648387, 5.034479139469925]
